4294967279,52
4294967279,359
4294967279,338
4294967278,521
4294967278,294
4294967278,46
4294967278,293
4294967278,321
4294967279,66
4294967279,55
4294967279,48
4294967279,27
4294967279,21
4294967279,12
4294967279,434
4294967278,197
4294967278,196
4294967279,196
4294967279,195
4294967278,555
4294967294,11
4294967294,437
4294967278,290
4294967278,183
4294967278,557
4294967278,182
4294967279,182
527,5
527,4
527,3
527,2
527,1
4294967278,553
4294967294,5
4294967279,358
4294967278,552
4294967279,172
4294967279,171
4294967294,37
4294967294,914
4294967278,170
4294967279,170
4294967279,246
4294967279,436
526,6
526,5
4294967279,166
526,4
526,3
526,2
526,1
4294967279,165
4294967294,36
4294967294,39
4294967294,1416
4294967294,1411
4294967294,399
4294967294,178
4294967294,407
4294967294,183
4294967294,414
4294967294,167
4294967294,444
4294967294,944
4294967294,461
4294967294,416
4294967278,551
4294967278,160
4294967294,40
4294967278,159
4294967278,283
4294967278,158
4294967278,157
4294967279,157
4294967278,154
4294967278,156
4294967278,155
4294967278,519
4294967278,151
4294967278,150
4294967278,149
4294967279,148
4294967278,148
4294967279,147
4294967279,146
4294967278,146
4294967278,143
4294967279,145
524,6
4294967278,145
524,5
4294967279,144
524,4
4294967278,144
524,3
524,2
524,1
4294967278,550
4294967278,549
4294967279,244
4294967278,272
4294967278,136
4294967278,548
4294967279,241
4294967279,296
4294967278,265
4294967278,513
522,5
522,4
522,3
522,2
522,1
4294967279,239
4294967294,908
4294967294,906
4294967294,163
4294967294,911
4294967278,253
521,6
521,5
521,4
521,3
521,2
521,1
4294967279,313
4294967294,45
4294967294,53
4294967294,947
4294967294,91
4294967294,90
4294967294,87
4294967294,85
4294967294,84
4294967279,235
4294967278,349
4294967278,245
4294967279,245
4294967278,240
4294967279,243
4294967278,241
4294967279,242
4294967294,969
4294967294,44
4294967294,413
4294967294,427
4294967279,233
4294967294,7
4294967294,6
4294967294,42
4294967294,417
4294967294,83
4294967294,43
4294967294,82
4294967279,340
4294967278,547
4294967278,355
4294967279,230
4294967279,228
4294967278,546
4294967294,8
4294967279,226
4294967278,222
4294967279,222
519,8
4294967279,220
519,7
519,6
4294967279,218
519,5
519,4
519,3
519,2
519,1
4294967279,337
4294967279,346
4294967279,211
4294967278,210
4294967279,210
4294967278,209
4294967278,281
4294967279,209
4294967279,229
4294967279,208
4294967279,207
4294967278,206
4294967279,206
4294967278,205
4294967279,205
4294967279,204
4294967278,280
4294967279,203
4294967279,200
4294967278,199
4294967279,199
4294967278,365
4294967278,198
4294967279,198
4294967279,429
4294967279,197
4294967278,195
4294967278,288
4294967294,89
4294967278,194
4294967279,194
4294967279,193
4294967279,192
4294967294,50
4294967279,223
4294967279,0
4294967278,289
4294967278,328
4294967294,469
4294967279,323
4294967294,424
4294967294,2
4294967278,221
4294967278,0
509,5
4294967294,107
0,5
509,4
509,3
509,2
509,1
0,7
4294967294,27
4294967294,81
4294967294,68
4294967294,95
4294967294,96
4294967294,46
4294967294,1
4294967294,92
4294967294,88
4294967294,86
4294967294,38
4294967294,899
4294967294,29
4294967294,93
4294967294,946
4294967294,94
4294967294,0
4294967294,900
4294967294,186
4294967294,28
4294967294,915
4294967294,22
4294967294,17
4294967294,67
4294967294,99
4294967294,76
4294967294,41
4294967294,51
4294967294,52
4294967294,25
4294967294,940
4294967294,26
4294967294,1410
4294967294,9
4294967293,131
4294967293,130
4294967293,129
4294967293,128
4294967293,127
4294967293,126
4294967293,125
4294967293,124
4294967293,123
4294967293,122
4294967293,121
4294967293,120
4294967293,119
4294967293,118
4294967293,117
4294967293,116
4294967293,115
4294967293,114
4294967293,113
4294967293,112
4294967293,111
4294967293,110
4294967293,109
4294967293,108
4294967293,107
4294967293,106
4294967293,105
4294967293,104
4294967293,103
4294967293,102
4294967293,101
4294967293,100
4294967293,99
4294967293,98
4294967293,97
4294967293,96
4294967293,95
4294967293,94
4294967293,93
4294967293,92
4294967293,91
4294967293,90
4294967293,89
4294967293,87
4294967293,86
4294967293,85
4294967293,84
4294967293,83
4294967293,82
4294967293,81
4294967293,80
4294967293,79
4294967293,78
4294967293,77
4294967293,76
4294967293,75
4294967293,74
4294967293,73
4294967293,72
4294967293,71
4294967293,70
4294967293,69
4294967293,68
4294967293,67
4294967293,66
4294967293,65
4294967293,64
4294967293,63
4294967293,62
4294967293,61
4294967293,60
4294967293,59
4294967293,58
4294967293,57
4294967293,56
4294967293,55
4294967293,54
4294967293,53
4294967293,52
4294967293,51
4294967293,50
4294967293,49
4294967293,48
4294967293,47
4294967293,46
4294967293,45
4294967293,44
4294967293,43
4294967293,42
4294967293,41
4294967293,40
4294967293,39
4294967293,38
4294967293,37
4294967293,36
4294967293,35
4294967293,34
4294967293,33
4294967293,32
4294967293,31
4294967293,30
4294967293,29
4294967293,28
4294967293,27
4294967293,26
4294967293,25
4294967293,24
4294967293,23
4294967293,22
4294967293,21
4294967293,20
4294967293,19
4294967293,18
4294967293,17
4294967293,16
4294967293,15
4294967293,14
4294967293,13
4294967293,12
4294967293,11
4294967293,10
4294967293,9
4294967293,8
4294967293,7
4294967293,6
4294967293,5
4294967293,4
4294967293,3
4294967278,124
4294967278,122
4294967278,121
4294967278,113
4294967278,112
4294967278,111
4294967278,110
4294967278,104
4294967278,103
4294967278,102
4294967278,101
4294967278,100
4294967278,99
4294967278,347
4294967278,327
4294967278,94
4294967278,304
4294967278,93
4294967278,91
4294967278,90
4294967278,83
4294967278,81
4294967278,80
4294967278,79
4294967278,78
4294967278,76
4294967278,72
4294967278,71
4294967278,70
4294967278,68
4294967278,62
4294967278,61
4294967278,60
4294967278,59
4294967278,54
4294967278,52
4294967278,51
4294967278,50
4294967278,41
4294967278,40
4294967278,37
4294967278,32
4294967278,31
4294967278,30
4294967278,23
4294967278,21
4294967278,20
4294967278,19
4294967278,16
4294967278,13
4294967278,11
4294967278,10
4294967278,9
4294967279,132
4294967279,131
4294967279,129
4294967279,124
4294967279,122
4294967279,120
4294967279,114
4294967279,112
4294967279,111
4294967279,108
4294967279,103
4294967279,101
4294967279,100
4294967279,99
4294967279,98
4294967279,96
4294967279,93
4294967279,91
4294967279,86
4294967279,84
4294967279,81
4294967279,79
4294967279,78
4294967279,219
4294967278,38
4294967279,215
4294967278,36
4294967278,34
508,7
508,6
508,5
508,4
508,3
508,2
508,1
4294967279,142
4294967278,29
4294967294,180
4294967294,458
4294967294,386
4294967294,402
4294967278,27
4294967279,137
4294967278,18
